























0 1 2 3 4 5 6 7 8 9 10
11 12 13 14 15 5 16 17
18 19 20
20 21 22 23 24
25 26 27 5 28 1 29 30
31 19 32 23 33 34 5
18 19 35 36
37 27 19 38 35 39
40 5 41 42 43 44 28 12 45 46
47 19 48 49 36
37 50 51 52
12 5 53 54 55 56
19 32 0 31 5 54 57 58
37 19 59 24 60 3
61 62 47 63 45 64 65 66 67 68 69 70 71 72 73
74 75 76 77 78 79
80 81 82 83 84 85 82 80 5 86 87
35 79 19 88 89 90 5 83 7 91 92 93 94 95 5
28 96 18 97 98 99 100 101 102 12 103 104 105 7 106 107 108 109 110 111 112 113 114 68
115 116 117 118 119 7 115 120 121 122 123 124 125 117 5 125 126
7 127 128 129 130 89 131 132 126 128 5 133 134
135 136 86 137 138 139 5 84 12 140 141 142 143 144 92 145 84 84 146 147
127 130 148 12 149 150 130 97 151 30 152 7 153 154 155
5 156 157 158 159 160 161
24 162 163 112 164 165 5 166
167 7 97 168 97 169 130 170 12 171 83 81 172 173 83 174 175 176 177
35 75 178 5 7 82 179 180 181 182 7 183 184 185 5 186 187 188
133 189 190 84 5 191 192 193 194 195 196 189 197 198 31 199 82 196 86 198
200 201 12 202 5 203 204 135 205 206 207 208 209 210 211 212 52 213 214 215 216
12 5 217 218 219 220 221 222 45 223 224 225 226 72 73 115 227 228 229
24 230 231 17 84 232 233 234 235 5 203 236 237 238 239 24 240 241 242 226 212
243 128 86 244 245 72 73 246 247 24 213 5 84 248 5 84 249 250 143 144
24 213 5 5 251 252 253 254 255 195 256 176 5 257 166 258 259
260 214 5 261 262 263 264 180 265 266 135 267 265 268 269 270 263 24 271 272 273 274 275
35 19 33 276 277 278 279 280 281 282 283 284 285 286 287 24 288 289 5 35 5 290 291 292 144
32 19 3 293 294 295 5 296 297 298 299 300 301 302 303 304 84 32 19
115 305 288 5 306 307 308 309 310 311 312 222 313 314 315 308 316 317 318 319 320 321 322 323 24 271 324 308 325 326
327 5 328 329 330 331 332 333 334 335 35 336 337
115 290 338 5 23 24 339 340 24 341 291 342 343 344 21 345
31 346 5 84 347 348 73 300 349 73 350 351 85 31 352 11 19 353 31 354 352
19 355 257 356 313 357 5 358 359 302 360 361 362 363 364 365 55 366 24 19
5 367 368 369 370 371 372 45 373 374 375 376 41 233 377 162 303
88 191 232 378 31 379 380 381 382 383 384 385
188 24 386
74 232 139 5 387 11
8 90 5 388 380 379
379 389 390 391 380 392 20 11
393 394 395 396 397 398 322 399 400 401 402 128 129 130 170 403 20
24 116 386 11
24 116 20 278 235 20 74 404 79 405 5 406




404 407 408 383 5 409 410 305 288 284 411 143 343 187


24 358 412 386 45 380 379 413
32 358 395 414 26 415 5 416 417 73 288 11
115 288 11 7 418 419 420
421 422 288 423 171 167
424 425 379
45 424 426 427
421 428 212 288 429 168 428
429 430 191 145
421 19
115 162 11 431
421 425 191 432 24 162 90 5
421 358 7 433 434 24 162 191 432
24 358 7 435 436 155 386 437 398
32 42 89 214
7 438 439 226 3 83 330 440 379 441
115 442 11 443 444 134 54 103 445
446 305 447 141 448 449 450 398 322
451 452 453 454
455 456 441
82 441 5 457 458 54 459 296 297 460 461 462 463
122 242 464 465 322 82 223 466
4 467 27
468 469 470 471
440 191 145 402 188 472
457 473 474 5 5 475 476 476 476
457 477 180 4 478 322 479
480 260 5 481 482 483 441 484
261 485 486 487
28 5 488 489 191 432 52 190 490 3
21 22 491 190 490 3 152 492 493
115 494 214 495 283 60 496 463 497 498
32 358 428 60 499 153 135 500 5 501 502 493 503 504 505 506 507
115 442 508 509 510 511 512 513 514 515 516 517
518 19 188 519 520 521 35 24 479 34 5
392 115 522 117 464 523 45 244 191 283 524 525 495 283 526 527 528
115 442 214 529 190 84 530 531 532
533 19 223 5 212 534 5 535 536 537 538 207
366 19 489 50 539 540 541 542 543
22 130 152 492 544 304 396
545 546 547 541 548 549 550 551 552 553 554 247 555
556 214 557 369 5 90 363 119 221 9 119 558 34
559 513 560 73 541 561 562 563 564 269 565 495 566 442 464 567 568
115 288 11 12 27 7 188 569 177
570 19 11 63 571 51 572
7 89 374 573 574 575 576 577 80 52 578
117 464 523 570 115 201 7 5 579 133
11 7 580 581 582 583 584 585
346 177 586 587 588 589 590 11 19
591 592 593 594 28 5 595 97 168 153 135 596
597 598 599 600 402 601 602 172 603 604 605
606 47 607 608
18 89 222 239 11 609 610 611 5 457 5 612
97 551
115 28 613 5 166 363 119
126 103 614 445
615 616 617
618 41 347 7 188 128 619 214
7 620 404 621 46 204 5 622 623 624 43 402
280 529 625 626 627 5 484 628 629 548 119 31 5 380
22 492 630 631 632 5
442 5 39 247 633 283 60 495 634 635
7 188 304 84 317 180 5 471 331 222 45 636 637
442 214
23 638 317 304 84 639
640 5 90 641 642 588


643 528 304 84
644 121 317 222 45 148 645 161 126
5 385 304 84 646 647 423 317 648 126 649 650
551 322 403 651 652 260
653 654
19 305 278 5 177 464 523 31 290 5
423 655 19 5 489 201 20 200
5 11 88
23 19 32 201 390 656 90 5 20
657 5 658 5 659
660 358 19 79 177 230 119 346
24 19 11 569 5 548 661 145 73 390
31 662 506 5 663 5 664 665 252 427 47 666 528 5 667
22 5 464 465 668 24 213 5 669 670 671 304 84 93 84 177 90 5 388
672 19 673 170 304 505 674 119 374 93 84
19 571 22 464 465 460 5 45 393
551 675 24 213 5 93 84 528 676 672 19
677 19 188 678 5 31 5 679 24 680 681 5
682 19 423 171 19 24 20 358 683 513 511 512 553 247 551 90 684 124 47 685 686
380
687 5 89
5 688 481 689 690 691
692 3
24 358 693 393
694 19 31 695 696 5








697 20 7 357


698 692 699 351
700 347 191 701 5 702 703 378
464 523 19 704 177 705 380 464 706 363 707


708 709 464 322 191 710 322 711 712 379


7 713 714 715 15 464 523 191 232 393
7 317 716 717 718 541 719 569 720 721 722 723 12 724
12 725 726 727 5 7 728 729






12 730 238 119 731 732 380 464 523
12 191 5 31 101 541 322 7 306 733 154 734 735 736
12 28 737 544 738 739 740


31 379 741 451 7 519 742 5
12 743 5 90 119 7 728 729 111 744
125 9 745 746 45 30
12 305 456 740 747 748 5 7 177 749 625 528 750
5 751 7 211 264 418 752 710 177 103 753 398 322
721 754 5 31 54 456 755 399 400 401 31 464 756 280 757
7 3 93 84 398 322 758 379 54 759 5 282 760
247 761 97 762 763 764 88
35 7 88 232 191 380 145 45 46
9 765 687 89 90 5 28 5 766 767 291 214 103
12 305 383 768 463 254 7 278 177 463 254 464 523
12 769 191 428 5 7 304 505 770 771 625 772
7 773 774 775 7 776 777 630 631


390 778
390 15 191
145 73 779
390 780 5
390 473 781
18 782 465 331 636
780 5 88 783 784 145 73 395 785 73
444 665 786 787
390 778
788 789 83
778 135 790
791 34
188 5 792 793
794 682 19
12 305 30 464 523 50
7 89 795 5
12 796 797 239 395 72 73
12 656 90 5 798 799 5
12 800 191 145 15 5
12 239 117 65
12 801 5 27 802 803
12 804 638 40 805 363 806 294
12 89 5 807
12 429 97 20 551
12 429 45 808 398 322
12 809 141 810 82 811 5 812
12 429 97 45 20 813 152
12 89 222 239 143 814
815 446 816 464 523 817 620
18 20 27 19
18 818 45 89 5
7 819 820 398 34 821
822 7 188 97 823 824 631
7 188
7 188
200 19 7 188 135 825
826 827 45
7 188 118 828 829 830 831
18 832 135 825
298 19




833 12 61 3 260 834 39 835 586 738 5 119
836 778 692 788 783 437 398 322 5 90 119
82 837 392 838 127 172 12
18 288 423 171
74 398 390 429 45 317 839 840
12 803 841
12 842 5 281 19
61 242 428
842 843 844 558 738
18 28 204 5 241 845 597 66 846 780 847




































266 692 848 849 119 304 84 850 851 94










852 823 853 191 696 301 854 214














86 233 177 855 856 231 857 858 859 31 135 860 861 862 484 863 233




90 83 864 5 358












865 493 28 74 866 867 868 5 869 870 774






45 389 392 172
145 871 282 872
440 873 5 90 119
489 34
45 130
5 874 875 876
145 73 89 5
54 877 878 148
380 548 239
879 398
54 880 567 385 398


440 379






























881 26 882 883 34 884
885 886 5 97 128
5
5 798 20 887 172
481 803 5 823 172
17 873 227 103 888
168 398 103 542
837 889 890
107 891 892 5
440 379
5
5
5 167 20
5
893 894 398 322 7 317 177 7 183
153 168
168 583 661
125 586 895 896 84
168 153
12 897 27
12 898 899 143 60 5 757
12 128 529 900
678 72 73
12 511 512 663 448
12 145 73 901 172 526 485
12 645 121 542
12 111 902 903 550 89 90 640 5
12 446 130 904 5
35 905 15 234 63 89 5 18 190 906 7 188 5 97 244
28 907 5 908 909 910 607 358 133 484
18 232 212 228 5 305 683 911 63 204 5 116 912 234 115
22 358 280 126 913 304 84 914 86 915 5 7
31 23 916 917 473 663 133 28 45 918 919 133 920 921 52 28
18 89 922 5 923 204 5 431 924
74 161 15 234 245 356 925 63 511 512
19 804 115 28 40 926 18 927 65 45 135 298
133 28 19 928 45 929 326 5 35 334 930
18 423 171 74 79 20 931 932 933 795 5 7 188 204 934
24 19 291 93 84 214 86 530 128 935 135 936 17 257 937 938 115 572 939 20 940 692 941 115 337 82 19 96 423 35 79 19 11
24 19 18 402 942 166 865 60 214 232 930 7 188
19 203 943 234 45 30 944 945 390 946 947
7 395 304 396 737 755 28
395 511 512 212 5 463 254
97 182 769 379
89 117 5 234 236
390 948 755 24
97 89 90 5 28
11 203 881 247
949 11 280 5 212
97 950 582
949 11 951 83
12 11 952 398 322 72 84
7 953 626 11
7 177 954 955 11
45 79 234
7 956 957 958 464 418 959
61 22 27 960 961 446 2
7 962 963 960 5 964
965 49 966 97 12
12 967 968 685 969 5 7 742 970 140 971 972 235 973 254
7 511 512 7 573 418 453
12 875 974 975 234 7 911 976 977
12 978 979 234 867 973 254 980 77
12 551 17 981 982 234
12 91 856 161 418 45 234
133 91 755 983 784 984 738 31
166 985
3 5 788 212 7 89 986 86 987
12 988 620 7 989 513 111 990 40 811 97
33 991 620 30 7 554 992 993 60
7 304 84 177
7 153 994


















995 996 398 322
162 700 5 997 177 702 45 998
5 999 1000 762 5 1001 187
162 380 322 1002 998
97 1003 1004
380 73
97 130 170
280 1005 1006
97 511 512
280 111
280 1007
54 580 824 198
1008
97 72 73




























31 11 98 392 1009 1010 1011 5 384 663 1012 380 191 1013 28
11 5 1014 4 663 380 191 379 47 358
792 1015 640 5 4 663 1016 5 89 212 1017 294 917 1018 636 663 288 486 835 379
135 1019 873 5 101 89 212 446 349 188 5
















































45 778 650 1020 191 145 1021 1022 379 163 24 214 7


























24 19 7 45 1023 93 84 34 1024 39 60
24 288 551 89 5 446 349
























28 79 620 467 190 232 212 907 1025 880 685 358 35 79 1026 19
45 1027 1028 594 28 280 230 234 20
12 1029 5 1030 82 260
429 45 89 5 1031
429 45 88 233 177 895
594 28 280 1032 706 562 1033 60
45 802 995 398 711 322
35 240 356 429 45 1034 231 385 995 398 322
12 11 9 5 231 163 1018 891 458 35 1035 1036 798
5 1037 1038 1039 45 650 1040 796 163 460 418 460
12 988 242 363 1041 45 163 239 234 418 235 53 1042 28 1043 5 312 431 924
45 189 980 77 45 980 73 393
45 172 101 1044 130 1045 1046 1047 45 995 398
11 119 1048 650 86 1049 313 177 738 45 1050 843 97
89 90 5 28 12 270 1051 5 126 5 1052 1053 1054 1055 191
7 1052 5 1053 740 236 1056 127 130
7 189 5 1057 126 3 702 191 145 451 283 60 305 89 90 5 876
7 1058 580 1059 77 1060 127 1061 1062 183
7 189 5 678 565 398 322 148 5 282 828 548 549 550 1063 719 1064
7 395 616 1065 660 304 1066 5 1067 550 1068 519
7 189 5 423 1069 7 230 1070 1071 177
7 189 17 77
7 189 383 300 1072 1073
7 89 1074 1075 1076
7 189 1077 77 856 583 540 541
7 89 5 1078 754 839 1079
7 1080 189 1081 5 1082
7 395 1083 1084 128 586


24 280 398 322 93 84 280 177 1085
24 280 1086 254 5




398 322 304 84 5 1087 177 1088 190 84 5 191 280 973 254 177
280 452 1089 398 322 304 84 5 1090 191
280 418 977










398 322 1091
88 1092 5 1093
1094 969 20 554 247
1094 1095 265 1096 5 261 362 418 386
1094 347 871 1097 428 344 290 296 1098 529 190 84 348 73 69 850


12 452 1099 5 849 119 369 1100 1096 1101 599 1102 1103 968
444 734 7 1104 45 423 1105 1106
597 347 619 304 84 723
897 60 1107 583


958 464 464 702 1108
260 283 1109 960 779




93 73 1068 94 1110 7 395 73 95 5 957 1111 84 1112 1113
1114 148 5 126 302 1115
89 1116 5 1117 1118 344 1119 1120 810 1121 1112 1122 810 1123 892 567 1124 1125 1126 1127 691 915 287 249 5
322 548 569 5 191 1115 526 318 1128 373
304 84 1129 302 1130 1115 1131 1132 1115 1133 1134 1135 1136




673 1137 70 83 1138 1113 609 1139 1140 1141 1070 154 1142


1143 1144 1145 680 723 1146 1147 1148 1149 1150 346 588 81 1146 1145 680 723 164 231 1148 231 1151 1152 231
5 282 1128 1153 1130 1154 1128 1155 1015 1156 1157 1158




1159 142 1160 1161 527 1085 1162 177 5 1163 128 243 128 91 1164 1165 358 1166 1159 1164 128 1167 1168 235 486 1159




























551 1169 247 246 7 1094 57
486 5 83
486 5 83
429 486 5 83 83 5
1170 1171 1115
429 1172 1173 486 542
7 118 757 1174
429 663 1171
1014 83 542
429 97 247 1175
429 97 247
167 83
429 486 635 5 83 344 19
97 5 542




























7 823 398 322 34 796






















































86 862 484 39 740 721 754 12 974 242 1176 1177 388 1178 7 288
86 291 1179 1180 101 5 90 1181 526 217 1182 1183 1184 1185 1186 5 1187 1188 11 5 115 240 1189 1022 1190
86 12 1020 1191 191 586 1192 12 917 288 756 126 1193 145 73 1022
86 607 45 5 211 431 924 216 363 212 12 1194 5 874 1195 82 1196 810 486 919
97 72 871 1197 1198 1199 239 1200 5 1201 1202
86 97 952 995 398 1203 1204 1205
86 7 1206 1207 300 327 795 917
19 115 7 288 13 991 781 12 43
7 189 634 1175 17 247 35 1208 288 1209 5 1210 247 1175
86 97 148 529 900 60 121 97 182 1211 776
445 217 22 19 135 1212 445 415 960 1213 1214 1215 19 135 825 1216 446 960 1217 1218 1219 135 1220 960 1217
19 402 1208 288 300 5 1221 362 363 364 86 115 305 288 1222 5 241 344 466 580 1223 362
86 484 1208 288 457 1224 139 301 722 1225 116
115 1016 457 5 1226 45 5 715 393








5 650 88


















358
7 1077 73 11 230 1077 77 3 12 7
7 263 1227 1228 513 7 188
115 7 68 1187 67 68 101
115 7 188
23 19 21 1229
28 117 7 148 1230 188
7 188
7 188
7 188
7 188
7 188
7 188
7 188
19 20 1231 223 614 45
5 7 548 177 953 626 1232
128 484 7 776 1084 5 1077 84 527 1233 456 322 1234












135 1235 1236






1237 1238 1239
260 19 7 212 1240 748 5 1241 1242 402 1243 460 418 460
115 341 1244 1245 1246 1247 301 756 5
7 89 90 5 1248 486
11 12 385 799 5 19 685 7 28 177 126 1249 358
12 1250 23 19 5 1251 1252 318 126 24 191
187 390 1253 83 614 34 5 1254
11 22 358 234 12 580 460 1255 868 788 177 1256 1257 55 788 1258 45 28 177 187
5 788 783 172 83 257 1259
31 793 1260 5 232 212 1261 748
260 234 1027 358 28 22 18 97 20 11
1262 234 1263 1264 23 7 1265 27 12 232 212 1254 5 167 83 810
5 93 84 1115 126 398
5 1266 1267 1268 143 126 1190 266 31 234
133 1269 1270 1271 1272 513 512
115 288 107 891 171 1273
486 5 47 20 7 188 74 75 20
1274 1275 586 1276 322 7 188




260 214 5 45 636 875 212
7 188 27 841 5 207 115
115 20 7 614 5 6 26 5
7 188 792 234




1277 1278 288 1208 188 288 380 212
47 288 880 234 442 214 7 1279 913
423 799 34 115 442 214






74 24 398 19 1044 1022 24 271 266 440
7 9 1280 1022 769 379 1281 1282 1018 7 1283
1283 5
86 172 172
7 692 119 282 451 1284 257
1285 19 115 305 5 103 200
1286 1287 31 5 19 31 1288 1289 24 191 125 1290 19 195 3 691 271 5
5 366 19 1016 1017 1246 5 52 54 19
591 19 1291 640 1181 1292
63 1279 19 1293 1294 232 5 28 287 212 440
188 1295 19 802 379 425 24 54
11 12 28 5 1025 97
























































1077 582 541
189 1296 1153 5 1297 1232 177 230 845 1214 322
551 103 526 541
1076 1074
1298 1299
304 84 960
588 317
953 626 317
678 960
1300 84
1301 814 529 900 60
673 757 960
538 1302 960
60 960 970 814
234 127 1018
1303 1304 61 1305 604
20 1306 75 133
798 5 1307 503 234
45 1308 236
5 1309 748
75 19
31 380 234
1026 1269 268 269 1310 119
290 5 133 1311 1312 49 1313
874 383 5 533
25 711 342 779 1314
61 284 617 1018
133 19 322
446 19 1315 1316 61 3 1317 16 2
11 1318 358 19 86 25 8 5 437 3 234
366 19 21 1169 247 1175 1319 1271 526 485 1320 1134 533 28 1171 5 606
47 234 19 446 780 322 257 711 1321 5 3
27 19 1271 214 1322 1323 128
366 19 404 608 5 1324 366 24 214 442
190 1325 19 529 5 11 1326 177 24 52 214 442
11 28 45 135 1327 1328 1329 5 823 172 5 115
11 234 404 1009 207 405 5 45 59 74 1330 1331 635 214 11
27 19 1332 19 234 27 1333 1334 5 1128 799 5 22 649 207 1335 47


5 11 435 1336 1181 882 1337 436 28 1042 1338 1055 1339 191 172 5 11 1340 288 59 1341 24 8 89 172 7 122 5 1342 1343 11
672 234 19 5 296 297 1344 1345 288 1346 45 135 1347 115 45
682 234 19 1348 23 687 5 234 22 1349 663 425 88 379 257 570
11 358 1350 28 24 190 490 3 82 398 322 650 7 1351 620
18 7 20 11 128 269 183 1352 280 60 12 1353 4 1354 89 5 18 4
19 423 201 12 89 5 36 1355 395 128 207 511 512
366 19 663 12 40 23 1024 39 60 214 20 4 1356 1080 5 212
35 79 23 19 4 12 20 492 1357 1358 5 1359 5
606 12 89 90 5 1360 122 1359 20 1080 1361 4 1024 89 5 47
45 11 1362 464 1363 1160 32 19 207 1364 20 47 35 1365 89 5
22 19 4 1354 35 1080 89 5 385 424 398 322 177 34 24 824 130 170
11 207 1366 73 45 1118 458 80 47 115 4 11 1367 823 1368 283 247 92 1369 667
11 1318 358 1370 89 548 673 115 7 288 90 19 45 458 19
11 115 19 5 1279 423 171 1371 280 348 73 554 84
682 358 226 24 35 1354 4 45 423 171 1279 1371 45 88 201 1372 79 398 322
